2 24999 0
2 24999 0
2 24999 0
2 12497 2
2 24999 0
2 25000 0
2 24999 0
2 15620 4
2 25000 0
2 24998 0
2 24999 0
2 24998 0
2 24999 0
2 24999 0
2 25000 0
2 24999 0
2 24999 0
2 12500 2
2 25000 0
2 24999 0
2 24998 0
2 24999 0
2 24999 0
2 24999 0
2 25000 0
2 24998 0
2 24998 0
2 24999 0
2 24999 0
2 25000 0
2 24999 0
2 12498 2
2 24999 0
2 24999 0
2 25000 0
2 24999 0
2 24999 0
2 24999 0
2 25000 0
2 24998 0
2 24998 0
2 25000 0
2 24998 0
2 24999 0
2 25000 0
2 24999 0
2 12499 2
2 24999 0
2 24999 0
2 24999 0
2 24999 0
2 12500 2
2 24999 0
2 24999 0
2 18749 2
2 25000 0
2 24999 0
2 24999 0
2 25000 0
2 24999 0
2 24998 0
2 24999 0
2 24999 0
2 24999 0
2 24999 0
2 24999 0
2 24999 0
2 25000 0
2 18748 2
2 24999 0
2 25000 0
2 25000 0
2 25000 0
2 25000 0
2 24999 0
2 25000 0
2 24999 0
2 12498 2
2 24999 0
2 24998 0
2 24998 0
2 24998 0
2 24999 0
2 24998 0
2 24999 0
2 25000 0
2 24998 0
2 25000 0
2 25000 0
2 24999 0
2 24999 0
2 24999 0
2 24999 0
2 24999 0
2 24999 0
2 24998 0
2 24998 0
2 24999 0
2 18748 2
2 25000 0
2 24998 0
2 25000 0
2 24998 0
2 24999 0
2 12499 2
2 25000 0
2 12497 2
2 25000 0
2 25000 0
2 24999 0
2 24998 0
2 24999 0
2 24998 0
2 18747 2
2 24999 0
2 25000 0
2 24999 0
2 25000 0
2 24999 0
2 24998 0
2 25000 0
2 24999 0
2 24999 0
2 24999 0
2 24999 0
2 24999 0
2 18748 2
2 24999 0
2 18747 2
2 24999 0
2 24999 0
2 25000 0
2 12497 2
2 12499 2
2 25000 0
2 24999 0
2 24998 0
2 24998 0
2 24998 0
2 24999 0
2 25000 0
2 24999 0
2 25000 0
2 24998 0
2 24998 0
2 24998 0
2 25000 0
2 24999 0
2 24999 0
2 24998 0
2 24999 0
2 25000 0
2 12497 2
2 24999 0
2 25000 0
2 24998 0
2 24998 0
2 24998 0
2 18747 2
2 24999 0
2 24999 0
2 24999 0
2 24999 0
2 12498 2
2 25000 0
2 25000 0
2 24999 0
2 24999 0
2 24999 0
2 24999 0
2 24999 0
2 24999 0
2 24999 0
2 25000 0
2 25000 0
2 24998 0
2 24999 0
2 25000 0
2 24998 0
2 24999 0
2 24999 0
2 24999 0
2 25000 0
2 24998 0
2 24998 0
2 24999 0
2 24999 0
2 25000 0
2 18749 2
2 24999 0
2 24999 0
2 25000 0
2 24999 0
2 25000 0
2 24999 0
2 24999 0
2 24999 0
2 24999 0
2 24999 0
2 24999 0
2 24998 0
2 24999 0
2 18747 2
2 24999 0
2 24999 0
2 24999 0
2 24998 0
2 24999 0
2 25000 0
2 24999 0
2 24999 0
2 25000 0
2 24998 0
2 24999 0
2 25000 0
2 24999 0
2 25000 0
2 12498 2
2 25000 0
2 24998 0
2 24999 0
2 24999 0
2 24999 0
2 25000 0
2 6249 4
2 24999 0
2 24999 0
2 24998 0
2 24999 0
2 24999 0
2 25000 0
2 24999 0
2 24999 0
2 24999 0
2 25000 0
2 24999 0
2 24999 0
2 25000 0
2 24998 0
2 24999 0
2 12496 2
2 18749 2
2 24998 0
2 24999 0
2 24999 0
2 24998 0
2 24999 0
2 12499 2
2 25000 0
2 25000 0
2 24999 0
2 24998 0
2 24999 0
2 24998 0
2 24999 0
2 25000 0
2 25000 0
2 25000 0
2 24998 0
2 24999 0
2 25000 0
2 24999 0
2 24998 0
2 24998 0
2 24999 0
2 24999 0
2 25000 0
2 24998 0
2 24999 0
2 24999 0
2 24999 0
2 12498 2
2 24999 0
2 24999 0
2 25000 0
2 25000 0
2 24998 0
2 24999 0
2 24999 0
2 24998 0
2 24999 0
2 24999 0
2 24999 0
2 25000 0
2 12498 2
2 12500 2
2 24998 0
2 24999 0
2 24998 0
2 18747 2
2 24999 0
2 24999 0
2 25000 0
2 24998 0
2 24998 0
2 24999 0
2 25000 0
2 25000 0
2 25000 0
2 24998 0
2 24999 0
2 24998 0
2 24999 0
2 25000 0
2 24999 0
2 25000 0
2 18748 2
2 18748 2
2 24999 0
2 24998 0
2 24998 0
2 24999 0
2 25000 0
2 24999 0
2 25000 0
2 24999 0
2 24999 0
2 24999 0
2 25000 0
2 25000 0
2 24999 0
2 24999 0
2 24999 0
2 24999 0
2 24998 0
2 24999 0
2 24998 0
2 24998 0
2 24999 0
2 24998 0
2 24998 0
2 24999 0
2 24999 0
2 24998 0
2 18747 2
2 24999 0
2 24998 0
2 24999 0
2 24999 0
2 24999 0
2 25000 0
2 24998 0
2 24998 0
2 24999 0
2 24999 0
2 25000 0
2 24999 0
2 24998 0
2 24999 0
2 24999 0
2 24999 0
2 24999 0
2 24999 0
2 24998 0
2 12497 2
2 24999 0
2 12497 2
2 25000 0
2 24999 0
2 12498 2
2 24999 0
2 25000 0
2 24999 0
2 24999 0
2 24998 0
2 25000 0
2 24999 0
2 24998 0
2 24999 0
2 12498 2
2 24999 0
2 24998 0
2 24999 0
2 24999 0
2 25000 0
2 24998 0
2 24999 0
2 12498 2
2 24999 0
2 9374 4
2 24999 0
2 24999 0
2 24998 0
2 24999 0
2 24999 0
2 24999 0
2 24998 0
2 25000 0
2 18747 2
2 24999 0
2 24999 0
2 9372 4
2 24999 0
2 25000 0
2 18747 2
2 24998 0
2 25000 0
2 25000 0
2 24999 0
2 24999 0
2 24998 0
2 24999 0
2 24999 0
2 24998 0
2 24999 0
2 24999 0
2 24999 0
2 24998 0
2 24999 0
2 24998 0
2 15622 4
2 12498 2
2 25000 0
2 24998 0
2 24998 0
2 12496 2
2 24999 0
2 25000 0
2 24998 0
2 25000 0
2 25000 0
2 25000 0
2 25000 0
2 24998 0
2 12498 2
2 24999 0
2 24998 0
2 25000 0
2 25000 0
2 24998 0
2 25000 0
2 24998 0
2 24999 0
2 24999 0
2 24999 0
2 25000 0
2 25000 0
2 24999 0
2 24998 0
2 24999 0
2 24999 0
2 25000 0
2 25000 0
2 25000 0
2 18748 2
2 24999 0
2 24999 0
2 24999 0
2 24998 0
2 25000 0
2 24999 0
2 18748 2
2 24999 0
2 25000 0
2 25000 0
2 24999 0
2 24999 0
2 24999 0
2 24999 0
2 24999 0
2 24998 0
2 24998 0
2 24998 0
2 24999 0
2 18748 2
2 24999 0
2 24999 0
2 24998 0
2 24999 0
2 24998 0
2 24998 0
2 25000 0
2 25000 0
2 12499 2
2 25000 0
2 24999 0
2 24999 0
2 25000 0
2 24999 0
2 24999 0
2 24999 0
2 25000 0
2 24998 0
2 24999 0
2 25000 0
2 25000 0
2 24998 0
2 25000 0
2 25000 0
2 12499 2
2 24999 0
2 24998 0
2 24998 0
2 12498 2
2 24999 0
2 24998 0
2 24999 0
2 24998 0
2 24999 0
2 12498 2
2 24999 0
2 24998 0
2 24999 0
2 24998 0
2 24999 0
2 18747 2
2 24999 0
2 24998 0
2 25000 0
2 24999 0
2 24998 0
2 25000 0
2 24999 0
2 24999 0
2 25000 0
2 24998 0
2 24999 0
2 25000 0
2 25000 0
2 24999 0
2 24999 0
2 25000 0
2 25000 0
2 24999 0
2 25000 0
2 24999 0
2 24999 0
2 24999 0
2 12499 2
2 24998 0
2 24998 0
2 24999 0
2 24999 0
2 24998 0
2 25000 0
2 12498 2
2 12497 2
2 24999 0
2 18748 2
2 24998 0
2 24999 0
2 25000 0
2 24999 0
2 24999 0
2 24999 0
2 25000 0
2 24998 0
2 25000 0
2 24999 0
2 25000 0
2 24999 0
2 24998 0
2 24999 0
2 24999 0
2 24999 0
2 18748 2
2 24999 0
2 24999 0
2 24999 0
2 25000 0
2 24999 0
2 24999 0
2 12498 2
2 24999 0
2 24999 0
2 24998 0
2 18748 2
2 12498 2
2 24998 0
2 24999 0
2 24999 0
2 25000 0
2 24999 0
2 24999 0
2 25000 0
2 24999 0
2 24999 0
2 25000 0
2 24999 0
2 25000 0
2 25000 0
2 25000 0
2 24998 0
2 24999 0
2 24998 0
2 24999 0
2 25000 0
2 24999 0
2 24999 0
2 24999 0
2 25000 0
2 25000 0
2 24999 0
2 24998 0
2 24999 0
2 12498 2
2 24999 0
2 25000 0
2 24999 0
2 18748 2
2 18748 2
2 25000 0
2 24998 0
2 25000 0
2 25000 0
2 24998 0
2 24999 0
2 25000 0
2 24999 0
2 24999 0
2 12499 2
2 15621 4
2 24998 0
2 24998 0
2 24999 0
2 24999 0
2 24999 0
2 24999 0
2 24998 0
2 25000 0
2 12497 2
2 24998 0
2 25000 0
2 25000 0
2 24999 0
2 24999 0
2 25000 0
2 24999 0
2 24998 0
2 25000 0
2 24998 0
2 25000 0
2 24999 0
2 24998 0
2 12498 2
2 24998 0
2 18749 2
2 6246 4
2 24998 0
2 25000 0
2 25000 0
2 24999 0
2 24999 0
2 25000 0
2 24999 0
2 24998 0
2 24999 0
2 24998 0
2 25000 0
2 24998 0
2 24999 0
2 24999 0
2 25000 0
2 24998 0
2 24999 0
2 25000 0
2 24999 0
2 24999 0
2 24998 0
2 24999 0
2 25000 0
2 25000 0
2 25000 0
2 24999 0
2 24998 0
2 24999 0
2 24998 0
2 24999 0
2 24999 0
2 12498 2
2 24998 0
2 12498 2
2 24999 0
2 24998 0
2 24998 0
2 24999 0
2 24998 0
2 24999 0
2 12500 2
2 24998 0
2 25000 0
2 24999 0
2 24999 0
2 25000 0
2 24998 0
2 24999 0
2 18747 2
2 24999 0
2 24999 0
2 24999 0
2 9374 4
2 24999 0
2 25000 0
2 24999 0
2 24999 0
2 25000 0
2 24998 0
2 24998 0
2 25000 0
2 25000 0
2 18749 2
2 24999 0
2 25000 0
2 25000 0
2 18748 2
2 24998 0
2 24998 0
2 12499 2
2 25000 0
2 24999 0
2 24999 0
2 24999 0
2 24998 0
2 24999 0
2 24998 0
2 24998 0
2 24999 0
2 25000 0
2 24999 0
2 24998 0
2 24999 0
2 24999 0
2 25000 0
2 25000 0
2 24998 0
2 24999 0
2 15623 4
2 24998 0
2 24998 0
2 24998 0
2 24999 0
2 24999 0
2 24999 0
2 24999 0
2 25000 0
2 24999 0
2 24999 0
2 24998 0
2 24999 0
2 18748 2
2 24998 0
2 25000 0
2 12499 2
2 24999 0
2 25000 0
2 24998 0
2 24999 0
2 6248 4
2 24999 0
2 18748 2
2 25000 0
2 24998 0
2 25000 0
2 24998 0
2 24999 0
2 24998 0
2 24999 0
2 24999 0
2 24998 0
2 24999 0
2 24999 0
2 24998 0
2 24999 0
2 24998 0
2 25000 0
2 24998 0
2 24999 0
2 24999 0
2 24999 0
2 25000 0
2 24999 0
2 24999 0
2 24998 0
2 25000 0
2 24998 0
2 25000 0
2 24998 0
2 24999 0
2 24998 0
2 24999 0
2 24999 0
2 24999 0
2 24998 0
2 24999 0
2 24999 0
2 24998 0
2 25000 0
2 24999 0
2 24999 0
2 25000 0
2 24998 0
2 24999 0
2 12498 2
2 25000 0
2 25000 0
2 24998 0
2 24998 0
2 12497 2
2 25000 0
2 18748 2
2 24999 0
2 24998 0
2 24998 0
2 25000 0
2 25000 0
2 24999 0
2 12499 2
2 24999 0
2 18748 2
2 24999 0
2 24999 0
2 24999 0
2 24999 0
2 25000 0
2 24999 0
2 25000 0
2 24998 0
2 12497 2
2 24999 0
2 25000 0
2 24998 0
2 24999 0
2 24998 0
2 24999 0
2 24999 0
2 24999 0
2 24998 0
2 24999 0
2 24998 0
2 24999 0
2 18748 2
2 25000 0
2 24999 0
2 24999 0
2 18747 2
2 24999 0
2 25000 0
2 24999 0
2 24999 0
2 24999 0
2 24999 0
2 24999 0
2 25000 0
2 24999 0
2 24999 0
2 24999 0
2 24999 0
2 24998 0
2 24999 0
2 25000 0
2 24999 0
2 24999 0
2 24998 0
2 25000 0
2 24999 0
2 24998 0
2 24999 0
2 24998 0
2 24999 0
2 24999 0
2 25000 0
2 24998 0
2 25000 0
2 24999 0
2 24998 0
2 12499 2
2 25000 0
2 24999 0
2 24999 0
2 18747 2
2 24998 0
2 24999 0
2 25000 0
2 25000 0
2 24998 0
2 24998 0
2 25000 0
2 25000 0
2 24999 0
2 24998 0
2 24999 0
2 24999 0
2 24999 0
2 24999 0
2 24998 0
2 12499 2
2 24999 0
2 24998 0
2 24998 0
2 24998 0
2 24998 0
2 24999 0
2 25000 0
2 24999 0
2 24999 0
2 25000 0
2 24998 0
2 24999 0
2 25000 0
2 18748 2
2 24998 0
2 24999 0
2 24999 0
2 24999 0
2 24998 0
2 24998 0
2 25000 0
2 25000 0
2 25000 0
2 25000 0
2 24999 0
2 25000 0
2 24999 0
2 25000 0
2 12497 2
2 24998 0
2 12497 2
2 24999 0
2 25000 0
2 25000 0
2 24999 0
2 24999 0
2 24999 0
2 12499 2
2 24999 0
2 25000 0
2 24999 0
2 24999 0
2 24999 0
2 25000 0
2 25000 0
2 12497 2
2 25000 0
2 24999 0
2 24998 0
2 25000 0
2 24999 0
2 24999 0
2 25000 0
2 25000 0
2 25000 0
2 24999 0
2 25000 0
2 24998 0
2 24999 0
2 24998 0
2 12497 2
2 24998 0
2 25000 0
2 24999 0
2 24999 0
2 24998 0
2 24998 0
2 25000 0
2 24998 0
2 25000 0
2 25000 0
2 24999 0
2 24998 0
2 24999 0
2 24999 0
2 24999 0
2 12497 2
2 25000 0
2 24998 0
2 24998 0
2 25000 0
2 24999 0
2 25000 0
2 12497 2
2 24998 0
2 24999 0
2 24999 0
2 24999 0
2 24999 0
2 24999 0
2 25000 0
2 24999 0
2 12500 2
2 24999 0
2 25000 0
2 25000 0
2 24999 0
2 24998 0
2 24999 0
2 18747 2
2 24999 0
2 24999 0
2 25000 0
2 24999 0
2 24999 0
2 24999 0
2 24998 0
2 24999 0
2 24999 0
2 15621 4
2 18747 2
2 24998 0
2 12498 2
2 25000 0
